%YAML:1.0
mtx: !!opencv-matrix
   rows: 3
   cols: 3
   dt: d
   data: [ 2.3499242268421353e+03, 0., 6.5251883446104659e+02, 0.,
       2.3673223053497904e+03, 3.5403798665281931e+02, 0., 0., 1. ]
dist: !!opencv-matrix
   rows: 5
   cols: 1
   dt: d
   data: [ -6.3267498372571762e-01, 6.2999865927694101e+00,
       7.3217141784012929e-03, 2.1488813560360226e-02,
       1.7498449927746272e+01 ]
